R:2
d:5
D:169
delta:
0.4781369898814102 0.5191257399093618 -0.1053005629987361 0.02799067036752589 0.03165242742211647 
1.30685665321375 -1.268572239394375 -2.646682866587704 0.9572666279247342 -0.4164411293611458 
mu:
0.3973152692859306 0.01794727245779666 -0.005629540269021465 0.01482666350525927 0.02124350716890308 
0.01006042586771637 -0.4863904506969888 -0.1769102048047617 0.3996453909750965 -0.2860004039498223 
offset:
0 141 169 
codeTable:
-2 0 2 -7 -24 
-1 -1 7 -20 -31 
-1 -1 7 -29 -31 
-1 -1 6 -16 -32 
-1 -1 6 -18 -33 
-1 -1 8 -11 -30 
-3 -1 8 -20 -30 
-1 -1 -1 0 -30 
-2 -1 6 -18 -29 
0 -1 5 -16 -31 
-1 -1 7 -1 -29 
-1 -1 6 -22 -31 
-1 -1 8 -20 -29 
-1 0 7 -16 -16 
0 1 9 2 -31 
-1 -1 4 -26 -28 
0 -2 4 -16 -28 
-1 -1 6 -7 -33 
0 -1 7 -18 -28 
-2 -1 1 2 -3 
-1 -1 6 -26 -26 
-1 -2 5 -23 -29 
-1 -1 7 -15 -31 
-1 0 8 -26 -28 
-2 -2 5 -18 -29 
-2 -1 5 -22 -29 
-1 -1 5 -12 -21 
0 -1 4 -19 -25 
-1 0 5 -15 -22 
0 -1 6 -19 -31 
-2 -1 4 -18 -26 
-1 -1 6 -16 -28 
-1 -1 5 -12 -16 
-1 -1 4 -18 -23 
-2 -1 5 -13 -31 
-1 -1 4 -15 -27 
-2 -1 7 -15 -29 
-1 -1 7 -24 -21 
-1 -1 6 -16 -31 
-2 0 7 -9 -32 
-1 -1 5 -15 -26 
-2 -2 7 -16 -32 
1 -1 2 0 -25 
-1 -1 6 -27 -30 
-1 -1 2 -2 -28 
-1 -2 6 -20 -26 
-1 -1 6 -7 -31 
-1 0 7 -12 -30 
-1 0 6 -18 -30 
-1 -2 5 -4 -29 
-1 -1 3 -12 -26 
-1 0 4 -23 -29 
-1 -1 8 -37 -32 
-1 -1 7 -22 -24 
0 -1 6 -19 -29 
-1 -1 9 -8 -28 
0 -1 6 -13 -25 
-1 -1 6 -8 -30 
-1 -1 3 -15 -23 
0 -2 8 -24 -30 
-1 -1 3 -18 -18 
0 -1 -3 -8 -23 
0 -1 -2 14 -10 
-1 -1 7 -12 -28 
-1 -1 -3 0 -8 
-1 0 -1 4 4 
0 -1 5 -13 -18 
-2 0 4 -18 -26 
0 -2 2 -12 -11 
-1 -1 6 -15 -28 
-1 0 7 -20 -32 
-1 -1 -5 10 2 
-1 0 6 -5 5 
-1 -1 -7 13 -24 
0 -1 3 7 0 
0 0 -6 3 30 
-2 -1 6 -15 -30 
-1 -1 6 -19 -31 
0 0 5 -16 -30 
0 -1 8 -26 -33 
-1 0 6 -16 -31 
-3 -2 5 -23 -31 
-1 -1 5 -9 -30 
0 -1 5 -24 -28 
-1 0 6 -19 -32 
-1 -1 7 -18 -27 
-2 -1 5 -23 -31 
-1 0 3 -8 -16 
-2 -1 3 -5 -30 
-1 0 4 -13 9 
-1 0 6 -24 -23 
-1 -1 6 -12 -31 
-1 0 7 -9 -28 
-1 0 4 0 -29 
-2 -1 8 -33 -31 
-2 1 5 -8 -29 
-3 -1 6 -19 -24 
-1 0 4 -15 -26 
-1 1 8 -7 -32 
-1 -1 6 -23 -31 
-1 0 5 3 -30 
-1 0 9 -27 -31 
-3 -2 4 -7 -24 
-1 -1 4 -8 -30 
-1 -1 7 -18 -30 
-1 -1 6 -23 -28 
-1 -1 4 -24 -32 
0 -1 5 -13 -31 
-2 0 2 0 -22 
-2 -1 4 -16 -27 
-2 -2 6 -23 -29 
-2 -1 5 -11 -28 
-1 -1 5 -20 -29 
-1 -1 5 -4 -24 
-1 -1 -3 -11 -14 
0 0 7 -20 -26 
1 -1 4 -15 -25 
0 -1 3 -7 -29 
-1 -1 9 -13 -31 
-1 -1 7 -16 -29 
-1 -1 6 -13 -23 
-2 -1 3 -4 -27 
-1 -1 8 -24 -30 
1 0 5 -8 -24 
-1 -1 1 2 -5 
0 0 2 15 -8 
0 -2 9 -22 -17 
0 -1 6 -19 -28 
0 -2 3 -18 -30 
1 0 -1 14 30 
1 -1 -10 35 2 
-1 -1 4 -12 -31 
-1 -1 -5 0 -27 
0 -1 2 -2 -24 
1 1 5 -11 -24 
-1 1 2 -15 -19 
-1 -2 3 -13 -23 
1 -1 6 -11 -21 
1 -1 0 4 -6 
-1 -1 5 -8 -30 
1 0 -1 18 -14 
-1 -1 0 -1 1 
-1 -1 0 -2 1 
0 -1 0 -1 1 
0 0 0 -1 1 
0 -1 -1 -1 1 
0 -1 0 -2 1 
0 -1 0 -1 0 
-1 -1 0 -1 -1 
0 0 0 -2 1 
-1 0 0 -1 1 
-1 -1 0 -1 0 
0 -1 0 -2 0 
0 -1 -1 -1 0 
0 -1 -1 0 -1 
0 -1 -1 -1 -1 
0 -1 -1 -1 -2 
0 0 0 -1 0 
0 -1 0 -1 -2 
0 -1 0 -1 -1 
0 -1 -1 -1 -4 
-1 0 0 -2 1 
-1 -1 -1 -1 0 
0 -1 0 0 -1 
0 0 0 -2 0 
0 -1 -1 0 -4 
0 0 -1 -1 1 
0 -2 0 -1 0 
0 -1 -1 0 0 
